image: kitti_34_bu.pgm
resolution: 0.200000
origin: [-100.000000, -266.400000, 0.000000]
negate: 0
occupied_thresh: 0.65
free_thresh: 0.196

