image: kitti_36.pgm
resolution: 0.200000
origin: [-452.000000, -240.800000, 0.000000]
negate: 0
occupied_thresh: 0.65
free_thresh: 0.196

